Test Results:
Loss: 0.1569
Accuracy: 0.9520
Average Confidence: 0.9503

Classification Report:
              precision    recall  f1-score   support

           0       0.97      0.97      0.97       180
           1       0.97      0.98      0.98       180
           2       0.96      0.99      0.97       180
           3       0.98      0.94      0.96       180
           4       0.97      0.99      0.98       180
           5       0.98      0.98      0.98       180
           6       0.99      0.98      0.99       180
           7       0.96      0.94      0.95       180
           8       0.96      0.97      0.96       180
           9       0.98      0.91      0.94       180
          10       0.90      0.77      0.83       180
          11       0.82      0.91      0.86       180
          12       0.99      0.96      0.97       180
          13       0.98      1.00      0.99       180
          14       0.96      0.97      0.97       180
          15       0.97      0.92      0.95       180
          16       0.97      0.94      0.95       180
          17       0.95      0.97      0.96       180
          18       0.93      0.96      0.95       180
          19       0.99      0.98      0.99       180
          20       0.98      0.97      0.97       180
          21       0.97      0.96      0.96       180
          22       0.92      0.97      0.95       180
          23       0.94      0.95      0.95       180
          24       0.98      0.99      0.99       180
          25       0.99      0.98      0.98       180
          26       0.98      0.99      0.99       180
          27       0.98      0.98      0.98       180
          28       0.98      0.98      0.98       180
          29       1.00      0.97      0.99       180
          30       0.99      0.98      0.99       180
          31       0.99      0.99      0.99       180
          32       0.94      0.99      0.97       180
          33       0.93      0.96      0.94       180
          34       0.97      0.98      0.98       180
          35       0.98      0.92      0.95       180
          36       0.98      0.93      0.95       180
          37       0.98      0.93      0.95       180
          38       0.98      0.96      0.97       180
          39       0.97      1.00      0.99       180
          40       0.96      0.93      0.94       180
          41       0.97      0.95      0.96       180
          42       0.96      0.95      0.95       180
          43       0.98      0.98      0.98       180
          44       0.98      0.96      0.97       180
          45       0.93      0.97      0.95       180
          46       0.93      0.93      0.93       180
          47       0.99      0.91      0.94       180
          48       0.98      0.92      0.95       180
          49       0.94      0.92      0.93       180
          50       0.96      0.94      0.95       180
          51       0.95      0.96      0.96       180
          52       0.93      0.97      0.95       180
          53       0.94      0.94      0.94       180
          54       0.99      0.96      0.97       180
          55       0.97      0.95      0.96       180
          56       0.97      0.98      0.98       180
          57       1.00      0.98      0.99       180
          58       0.97      0.94      0.95       180
          59       0.97      0.94      0.96       180
          60       0.92      0.97      0.95       180
          61       0.95      0.99      0.97       180
          62       0.99      0.98      0.99       180
          63       0.99      1.00      0.99       180
          64       0.96      0.96      0.96       180
          65       0.94      0.98      0.96       180
          66       0.98      0.99      0.98       180
          67       0.96      0.97      0.97       180
          68       0.99      0.98      0.99       180
          69       0.99      0.98      0.99       180
          70       0.97      0.95      0.96       180
          71       0.98      0.95      0.96       180
          72       0.88      0.94      0.91       180
          73       0.88      0.89      0.89       180
          74       0.97      1.00      0.98       180
          75       0.98      0.98      0.98       180
          76       0.93      0.98      0.95       180
          77       0.98      0.96      0.97       180
          78       0.93      1.00      0.97       180
          79       1.00      0.96      0.98       180
          80       0.98      0.99      0.98       180
          81       0.98      0.96      0.97       180
          82       0.96      0.97      0.96       180
          83       0.98      0.97      0.97       180
          84       0.95      0.95      0.95       180
          85       0.98      0.91      0.94       180
          86       0.97      0.96      0.97       180
          87       0.97      0.98      0.97       180
          88       0.97      0.98      0.98       180
          89       0.95      0.94      0.95       180
          90       0.97      0.98      0.98       180
          91       0.96      0.98      0.97       180
          92       0.99      0.99      0.99       180
          93       0.96      0.98      0.97       180
          94       0.95      0.98      0.96       180
          95       0.94      0.97      0.95       180
          96       0.78      0.97      0.87       180
          97       0.96      0.77      0.86       180
          98       0.95      0.99      0.97       180
          99       0.99      0.97      0.98       180
         100       0.96      0.98      0.97       180
         101       0.98      0.96      0.97       180
         102       0.98      0.99      0.99       180
         103       0.97      0.97      0.97       180
         104       0.98      0.99      0.98       180
         105       0.98      0.97      0.98       180
         106       0.99      0.98      0.98       180
         107       0.98      0.97      0.97       180
         108       0.97      0.99      0.98       180
         109       0.96      0.95      0.96       180
         110       0.99      0.97      0.98       180
         111       0.91      0.95      0.93       180
         112       0.95      0.97      0.96       180
         113       0.97      0.97      0.97       180
         114       0.86      0.93      0.89       180
         115       0.97      0.83      0.89       180
         116       0.96      0.98      0.97       180
         117       0.94      0.87      0.90       180
         118       0.91      0.96      0.93       180
         119       0.95      0.94      0.94       180
         120       0.89      0.96      0.92       180
         121       0.98      0.94      0.96       180
         122       0.86      0.93      0.90       180
         123       0.94      0.83      0.88       180
         124       0.93      0.93      0.93       180
         125       0.95      0.98      0.96       180
         126       0.99      0.97      0.98       180
         127       0.94      0.98      0.96       180
         128       0.91      0.77      0.83       180
         129       0.88      0.76      0.81       180
         130       0.93      0.87      0.90       180
         131       0.95      0.95      0.95       180
         132       0.98      0.95      0.96       180
         133       0.95      0.98      0.96       180
         134       0.83      0.95      0.89       180
         135       0.93      0.82      0.87       180
         136       0.95      0.90      0.92       180
         137       0.97      0.99      0.98       180
         138       0.99      0.97      0.98       180
         139       0.94      0.97      0.95       180
         140       0.97      0.93      0.95       180
         141       0.89      0.97      0.93       180
         142       0.98      0.93      0.95       180
         143       0.95      0.92      0.94       180
         144       0.94      0.97      0.95       180
         145       0.90      0.89      0.89       180
         146       0.99      0.96      0.98       180
         147       0.88      0.89      0.89       180
         148       0.89      0.94      0.92       180
         149       0.98      0.97      0.98       180
         150       0.96      0.97      0.96       180
         151       0.78      0.92      0.84       180
         152       0.74      0.84      0.79       180
         153       0.93      0.98      0.95       180
         154       0.97      0.98      0.98       180
         155       0.90      0.97      0.94       180

    accuracy                           0.95     28080
   macro avg       0.95      0.95      0.95     28080
weighted avg       0.95      0.95      0.95     28080
